0000
0007
0008
0010
0011
0012
0015
0017
0019
0020
0022
0025
0027
0028
0029
0031
0033
0034
0035
0037
0038
0039
0040
0043
0044
0045
0048
0049
0051
0053
0054
0056
0057
0058
0059
0060
0062
0063
0064
0068
0069
0070
0071
0072
0073
0074
0075
0076
0078
0079
0080
0081
0084
0085
0086
0088
0089
0090
0091
0092
0093
0094
0097
0099
0101
0102
0104
0107
0108
0109
0116
0119
0121
0122
0124
0125
0128
0131
0132
0138
0140
0141
0144
0145
0147
0148
0149
0150
0151
0152
0153
0154
0155
0158
0160
0163
0166
0168
0170
0172
0174
0175
0176
0177
0179
0181
0182
0184
0185
0186
0187
0190
0191
0195
0196
0197
0198
0199
0201
0202
0204
0207
0209
0210
0213
0216
0217
0218
0220
0222
0224
0225
0228
0229
0230
0231
0236
0239
0240
0242
0243
0245
0246
0247
0250
0252
0253
0254
0255
0256
0257
0258
0261
0262
0263
0266
0267
0269
0270
0272
0274
0275
0277
0281
0282
0285
0290
0291
0292
0293
0297
0299
0300
0302
0304
0312
0314
0315
0316
0317
0319
0320
0321
0322
0323
0324
0326
0327
0330
0331
0332
0333
0335
0336
0337
0340
0342
0343
0344
0345
